%%RMS error vs phase vision distance from center 1.1
%%RMS error vs phase vision distance from center 1.2
%%RMS error vs phase vision distance from center 1.3
%%RMS error vs phase vision distance from center 1.4
%%RMS error vs phase vision distance from center 1.5
%%Minimum change in current dectable with given magnetometer settings 2.1
%%Minimum change in current dectable with given magnetometer settings 2.2
%%Minimum change in current dectable with given magnetometer settings 2.3
%%Minimum change in current dectable with given magnetometer settings 2.4
%%Minimum change in current dectable with given magnetometer settings 2.5
%%Minimum change in current dectable with given magnetometer settings 3.1
%%Minimum change in current dectable with given magnetometer settings 3.2
%%Minimum change in current dectable with given magnetometer settings 3.3
%%Minimum change in current dectable with given magnetometer settings 3.4
%%Minimum change in current dectable with given magnetometer settings 3.5
matrix= [1.1 1 50.5 50.5 50.5 16 16 32 20 60 0.1 0.3 0.6 0 -120 120 60 100 ;1.2 1 50.5 50.5 50.5 16 16 32 40 60 0.1 0.3 0.6 0 -120 120 60 100 ;1.3 1 50.5 50.5 50.5 16 16 32 60 60 0.1 0.3 0.6 0 -120 120 60 100 ;1.4 1 50.5 50.5 50.5 16 16 32 80 60 0.1 0.3 0.6 0 -120 120 60 100 ;1.5 1 50.5 50.5 50.5 16 16 32 100 60 0.1 0.3 0.6 0 -120 120 60 100 ;2.1 2 50.5 50.5 50.5 16 16 32 20 60 0.1 0.3 0.6 0 -120 120 60 100 ;2.2 2 50.5 50.5 50.5 16 16 32 30 60 0.1 0.3 0.6 0 -120 120 60 100 ;2.3 2 50.5 50.5 50.5 16 16 32 40 60 0.1 0.3 0.6 0 -120 120 60 100 ;2.4 2 50.5 50.5 50.5 16 16 32 50 60 0.1 0.3 0.6 0 -120 120 60 100 ;2.5 2 50.5 50.5 50.5 16 16 32 60 60 0.1 0.3 0.6 0 -120 120 60 100 ;3.1 3 50.5 50.5 50.5 16 16 32 20 60 0.1 0.3 0.6 0 -120 120 60 100 ;3.2 3 50.5 50.5 50.5 16 16 32 30 60 0.1 0.3 0.6 0 -120 120 60 100 ;3.3 3 50.5 50.5 50.5 16 16 32 40 60 0.1 0.3 0.6 0 -120 120 60 100 ;3.4 3 50.5 50.5 50.5 16 16 32 50 60 0.1 0.3 0.6 0 -120 120 60 100 ;3.5 3 50.5 50.5 50.5 16 16 32 60 60 0.1 0.3 0.6 0 -120 120 60 100 ]